2
4
7
9
17
18
23
26
27
30
31
34
38
39
40
43
45
46
48
64
66
72
74
81
82
83
87
88
90
93
94
96
101
102
104
108
111
114
118
119
123
125
126
129
133
139
141
146
148
149
150
154
157
158
160
167
168
169
171
172
174
177
182
189
192
193
196
210
212
216
217
221
223
228
232
235
239
240
242
243
245
249
251
252
260
268
269
272
273
275
279
280
281
282
284
285
286
290
292
294
298
299
300
303
306
308
310
311
312
316
320
327
328
340
342
349
354
356
361
363
365
366
369
372
375
377
383
384
387
388
391
395
405
409
410
411
413
416
419
423
425
427
430
434
435
441
442
443
444
446
447
452
453
460
468
469
470
471
480
492
493
494
506
512
517
518
520
524
525
527
528
532
536
541
544
547
548
549
551
552
553
554
555
560
571
572
574
576
582
587
588
590
592
598
600
601
602
603
606
607
608
615
621
627
629
638
642
658
671
672
680
682
688
694
696
701
703
709
714
715
716
722
725
730
732
740
746
750
753
766
768
775
783
787
799
811
819
830
835
837
838
847
852
855
878
885
889
890
904
907
909
932
934
937
940
942
950
951
957
966
984
985
991
994
997
1000
1002
1010
1011
1025
1027
1038
1059
1064
1069
1077
1083
1088
1092
1095
1099
1113
1117
1123
1137
1150
1197
1209
1210
1212
1213
1216
1219
1228
1229
1232
1245
1252
1296
1301
1302
1304
1305
1308
1315
1316
1336
1357
1365
1371
1379
1390
1393
1394
1400
1402
1408
1412
1415
1437
1442
1444
1449
1484
1485
1488
1494
1504
1509
1526
1528
1530
1531
1538
1540
1576
1588
1602
1606
1612
1632
1636
1637
1647
1649
1652
1654
1656
1658
1668
1676
1687
1701
1704
1709
1715
1727
1731
1733
1739
1743
1752
1757
1761
1772
1774
1795
1803
1805
1806
1807
1815
1816
1817
1827
1830
1831
1837
1838
1851
1853
1854
1860
1862
1863
1868
1870
1872
1875
1877
1879
1883
1886
1893
1895
1904
1907
1909
1923
1928
1931
1936
1937
1947
1949
1951
1952
1954
1974
1980
1996
2003
2004
2010
2020
2022
2034
2035
2037
2040
2051
2083
2092
2099
2117
2124
2125
2134
2155
2159
2163
2173
2176
2189
2194
2208
2225
2235
2237
2241
2242
2244
2247
2255
2258
2263
2293
2313
2315
2321
2359
2370
2408
2414
2416
2417
2424
2425
2429
2435
2439
2471
2477
2483
2486
2492
2494
2495
2508
2518
2524
2525
2528
2531
2544
2546
2552
2559
2576
2592
2595
2604
2610
2613
2641
2654
2660
2673
2674
2678
2711
2730
2758
2761
2764
2769
2788
2819
2826
2862
2865
2868
2873
2877
2894
2898
2899
2902
2903
2904
2908
2926
2928
2930
2931
2934
2937
2947
2951
2955
2956
2960
2964
2965
3004
3027
3036
3041
3044
3048
3075
3081
3084
3094
3105
3144
3178
3198
3203
3210
3215
3244
3292
3321
3322
3338
3352
3354
3359
3360
3364
3374
3382
3386
3392
3397
3403
3408
3409
3417
3427
3433
3454
3458
3483
3489
3492
3495
3498
3509
3513
3520
3543
3544
3548
3550
3557
3564
3569
3572
3575
3578
3592
3597
3648
3652
3659
3660
3664
3665
3700
3711
3738
3745
3746
3749
3753
3754
3764
3765
3769
3773
3774
3782
3808
3812
3813
3818
3820
3822
3830
3832
3833
3834
3837
3852
3853
3857
3862
3867
3868
3869
3878
3879
3880
3888
3894
3895
3897
3898
3904
3905
3909
3921
3931
3935
3936
3944
3946
3956
3972
3974
3982
3994
3997
3999
4002
4006
4011
4013
4014
4015
4016
4017
4019
4022
4024
4027
4028
4041
4056
4060
4062
4073
4076
4093
4109
4113
4119
4135
4138
4154
4156
4161
4183
4202
4203
4207
4208
4211
4220
4256
4261
4263
4350
4351
4352
4364
4384
4401
4416
4459
4487
4515
4530
4546
4552
4559
4565
4576
4591
4595
4602
4613
4616
4618
4627
4654
4655
4658
4682
4686
4687
4690
4702
4720
4726
4743
4752
4761
4786
4793
4794
4796
4803
4810
4811
4812
4869
4882
4912
4926
4935
4936
4943
4950
4955
4962
4968
4977
4999
5001
5023
5042
5049
5057
5058
5063
5067
5139
5150
5155
5163
5169
5170
5172
5175
5179
5181
5184
5192
5196
5234
5235
5241
5250
5251
5254
5257
5264
5271
5272
5274
5277
5279
5337
5344
5346
5350
5363
5380
5406
5427
5431
5436
5443
5448
5476
5486
5487
5489
5490
5494
5544
5545
5551
5554
5560
5566
5569
5579
5582
5604
5605
5654
5658
5739
5752
5762
5775
5792
5797
5800
5803
5808
5810
5828
5863
5864
5865
5867
5868
5870
5876
5883
5901
5903
5912
5977
5984
5991
6005
6011
6019
6021
6045
6048
6058
6066
6078
6080
6086
6096
6097
6098
6105
6131
6161
6167
6210
6223
6225
6336
6378
6431
6489
6499
6508
6512
6519
6520
6525
6568
6569
6604
6617
6631
6652
6678
6681
6701
6711
6713
6714
6722
6724
6732
6742
6743
6746
6772
6789
6808
6852
6875
6890
6899
6906
6935
6949
6978
6982
6987
6994
7060
7066
7091
7150
7161
7165
7176
7184
7198
7199
7203
7212
7214
7228
7233
7247
7258
7261
7263
7269
7272
7273
7278
7280
7287
7296
7297
7304
7327
7354
7359
7362
7385
7392
7400
7404
7417
7424
7436
7437
7440
7442
7445
7451
7454
7456
7458
7460
7470
7508
7563
7626
7641
7667
7737
7743
7746
7758
7773
7790
7804
7843
7850
7853
7862
7864
7869
7871
7873
7874
7875
7876
7880
7889
7971
7972
7978
7990
7997
8004
8013
8016
8019
8036
8040
8048
8064
8074
8077
8092
8095
8098
8099
8117
8192
8199
8201
8203
8211
8215
8217
8224
8294
