1612
419
312
1210
506
294
3764
1197
1315
715
587
1687
2435
7233
3664
4011
4207
694
1805
2595
2242
160
2654
446
1974
725
600
492
7296
4024
108
1837
1947
855
8201
1658
3322
269
552
532
416
6678
904
260
1923
327
2020
588
2408
4017
4352
554
3660
444
2237
4726
366
7273
17
6005
300
5569
1059
3578
1806
1526
4022
342
1504
480
942
1886
114
430
4013
349
279
1709
615
4935
5139
168
2
48
6568
590
5797
3738
177
4702
5486
7359
4006
4977
306
985
443
2788
4530
8095
391
388
1305
328
3498
2894
3495
7392
320
1484
2003
384
544
102
284
5254
2117
4113
7060
3417
555
909
7261
182
2004
249
101
1408
39
149
2010
598
2244
6714
1304
1877
4060
4812
7278
2898
104
768
6722
243
1232
7258
5775
621
7871
4595
6713
365
5443
1530
5560
1951
811
252
4761
7440
2604
3081
413
4786
5049
512
469
607
4602
4869
1209
7990
133
1538
5234
627
5406
174
642
4796
4459
6096
2531
3427
1637
2764
434
369
3652
118
7442
1715
3386
1870
251
8040
2931
125
3897
5251
1854
5150
601
196
2083
6167
6078
8048
937
3513
411
1000
5427
290
1316
2092
890
835
2964
372
3700
286
363
7091
1904
468
2429
3665
3749
2955
1449
4351
1602
4135
4002
6378
7385
549
6499
4690
6489
680
4613
46
272
425
5181
5554
3550
3210
7746
299
2674
1485
119
354
6772
2483
5792
602
766
7161
1083
1757
141
2194
3044
5192
1739
3936
1010
4183
7978
5604
7436
3769
1883
8016
2769
1390
2477
7743
2528
3215
3244
6604
5984
6875
1952
7875
638
3746
7066
547
682
2159
746
8077
582
6161
4968
7470
3041
3999
4019
5863
72
4591
520
5250
6048
6105
5551
7199
6210
1296
3853
4263
4882
7150
6019
4073
1817
1807
452
517
316
8004
3352
3931
574
1540
83
3004
524
5277
1588
7214
4211
2124
81
5800
171
3408
3782
1872
298
1301
878
2241
3822
2155
7972
688
889
4552
7304
606
1647
934
3935
4062
2424
7864
8074
2610
3572
7862
7212
5001
2492
950
292
460
1444
6097
282
966
96
4401
5489
2471
4093
3027
8098
932
3765
6789
223
1302
2486
5876
2826
172
703
1092
7454
7876
8199
6066
4109
5654
1437
709
714
4616
4156
2544
2524
1652
5179
2613
5350
1025
3048
4
1980
6569
7758
3544
6732
87
5808
830
7889
2947
732
4076
722
4654
2414
2258
7563
1907
3894
3592
410
541
1137
753
3094
3569
3830
1212
2508
3753
6058
5870
3833
3203
1113
1827
5175
5865
311
3972
4056
1996
4682
217
375
493
6935
1002
3774
5067
6045
7508
7263
4559
8013
6978
7456
470
228
528
94
5544
957
3075
2930
3921
6512
536
7354
3818
5762
6131
2247
3946
1402
3834
1860
3974
7626
7184
7327
4015
5172
4202
7404
8117
5380
5448
4203
5257
2951
5344
5431
5042
5184
4119
3084
6681
7874
3520
4794
192
2208
5739
2660
441
5476
193
242
3808
3909
4943
4261
1371
3292
5566
5605
4208
2965
4027
1393
6336
1064
1676
5545
167
2761
494
6011
45
2903
1727
3812
2926
3880
4416
2862
3862
1895
2176
991
2439
6021
7400
1668
1229
1636
1099
3648
4955
3905
3745
819
3392
3711
146
7445
750
2546
4138
5494
8224
3359
423
5363
2934
3144
671
852
1038
2359
3198
4926
6724
3868
7971
2928
2495
3852
4576
6520
1868
5810
74
7362
275
3548
4154
6742
2641
4515
387
6098
8099
838
6711
7843
3944
3483
7424
6080
3575
4962
2908
1649
6949
3354
6746
6652
4658
240
2417
4810
3754
1123
7667
8215
1150
6743
1117
1027
1654
3105
3895
7873
787
1893
907
2370
7198
2037
5803
2678
7850
3659
2525
3382
3360
1816
2035
1830
34
740
3321
701
5752
5264
1069
5063
8019
5196
245
2592
5901
5579
2022
4220
4687
6431
2173
7228
148
383
7997
38
4028
3832
26
6508
126
7451
1863
4016
1412
2576
997
7417
1862
7269
4999
216
5170
2034
5235
27
1931
2189
3403
7247
1831
2819
1488
308
3509
427
210
5883
6701
6225
5023
1656
1701
7853
2899
3997
7460
885
4618
4793
8203
3982
8064
2040
5991
3867
1088
1394
447
4627
5487
2051
7203
23
2711
1576
3364
1336
5337
6890
3557
8294
1365
1772
7297
8036
405
7641
2313
3956
2937
3036
3458
7363
2868
4014
189
608
5346
7287
1442
285
3879
7869
150
951
548
3454
4384
232
6525
169
4487
7
3888
1245
1494
3813
672
2873
1077
7176
994
6910
1937
4161
2865
7880
3773
6780
525
1632
4811
4565
1400
66
1704
5436
30
1954
4256
3338
1228
459
658
6519
3489
4936
2099
442
3869
7165
453
5169
5977
1528
1774
1936
1838
2255
4464
560
5490
3878
3564
3994
303
2134
1733
2559
837
280
129
940
1795
2293
6223
340
629
3904
2758
4720
6617
7718
1509
5057
1450
2336
847
3177
518
551
7164
1853
5868
6277
8092
7449
435
7280
8105
1379
592
1743
2552
4170
5828
6086
7179
2263
1011
2960
6129
7437
356
4655
5155
6126
6631
6906
8153
799
1851
2956
6808
6982
273
3178
3409
4239
6987
1731
8163
1308
5193
1219
2314
227
4806
1792
8192
5058
7458
2379
8211
3857
8195
5287
1580
716
8279
5867
5864
7790
553
6994
4190
154
7272
2902
8293
139
123
741
221
2558
7174
7737
1592
239
1531
4041
3872
5241
1213
4364
5272
7068
7172
2315
4124
40
1606
696
1357
4912
2321
55
4546
5912
31
64
1790
4571
3837
5279
2225
2904
1803
6410
7416
4345
3915
7073
377
4950
712
334
1679
1949
1168
6022
8285
3657
5798
527
5164
5903
5658
61
7745
1677
4394
5274
3220
572
6899
2235
4594
267
7315
1292
