108
2163
468
4803
1909
327
1974
1612
1875
775
491
294
1512
1528
520
377
1197
1286
2595
1210
419
48
122
395
9
160
3578
323
768
2894
4001
1315
3543
312
299
830
855
1305
2654
168
3105
1313
5569
1687
2528
1252
2237
1773
363
2117
2435
177
996
5250
118
94
265
2494
1316
384
7060
2116
1728
3417
3664
3764
3004
6005
245
518
366
156
141
131
506
5269
303
615
559
1399
2004
446
2417
365
1658
8016
260
1904
1117
5180
372
2230
445
544
1072
14
942
409
1883
125
715
80
361
1980
2
1923
1947
694
846
4035
587
2010
703
2437
2580
980
290
243
4060
2037
458
5163
819
2651
5775
3345
3498
179
2769
460
2159
2503
287
2293
5416
1311
1860
280
279
328
1307
269
1986
1095
5033
7296
289
4207
492
2245
1807
2003
517
966
6161
1815
766
272
3602
1302
1886
6371
7421
3785
832
139
5272
853
2429
4761
1403
602
4013
2508
471
40
2350
1218
2766
551
57
811
281
725
571
4026
3997
5279
526
249
7875
1380
2235
4014
5251
1069
41
5658
2770
1877
114
4022
456
1337
5
1310
452
3700
2020
264
3427
4796
2895
1739
555
532
7773
1939
288
3769
949
5271
3284
716
5084
1931
5254
4011
1805
600
3505
43
305
894
816
3820
3081
1895
3652
3788
2531
1216
1222
4352
2833
621
2683
1814
2232
134
3780
4028
590
904
5004
252
2134
3746
129
60
159
2871
311
1518
2125
257
3495
7233
2446
2424
2426
3374
3372
255
45
576
391
2960
1924
1837
4786
111
3789
895
722
3550
782
4002
3999
838
603
2934
2530
2457
1954
574
308
235
380
985
8188
8211
1204
4052
2242
475
50
1232
2006
1889
444
2244
7232
104
4024
1854
2730
2443
5049
2416
2339
82
341
244
375
83
2120
2604
1863
2452
416
417
5182
3548
2532
4037
7804
7420
6489
5560
588
1309
549
314
4882
174
2359
2432
2673
1806
8202
293
296
191
548
2029
480
3231
2083
3216
5255
6018
586
1576
4010
441
3526
529
7600
8217
166
3075
4686
554
2433
762
1157
890
390
3774
7359
4752
1366
282
331
5901
322
2486
4996
7273
4150
1225
3813
2899
3600
1145
184
579
4017
2441
1304
2451
1156
135
7871
271
276
340
4726
376
5220
2804
4143
121
730
2534
2586
3812
505
5042
4138
81
112
1879
90
736
102
171
5014
2025
2425
1715
447
88
1538
18
79
381
1296
1231
4075
225
6859
1949
3513
3728
1820
6678
7385
4919
68
962
4204
1373
941
2434
3433
310
4018
848
4
1872
158
2208
3736
4743
182
3039
17
1484
3088
814
3660
7230
316
3376
8201
157
435
64
51
1167
7258
6078
1415
3322
5805
470
7392
148
4145
3341
1676
1217
2124
2097
1531
186
3601
3396
1308
3430
49
2788
5150
4027
4006
247
1709
300
101
1038
3036
214
4751
2674
2357
2518
274
6
5058
388
3855
542
5627
7249
3491
5139
4093
150
6836
2155
251
1749
1437
670
451
3862
4007
5006
552
6789
1229
93
3972
780
1334
627
1881
4008
401
3303
2592
2758
2582
410
546
1675
1170
465
607
691
261
7231
2868
3778
3803
5438
3308
239
2042
3597
700
430
5800
957
787
1831
2092
1303
144
4928
4766
1137
729
513
1663
6086
4019
1708
262
1952
5179
1314
8018
676
349
7641
4655
638
6902
7746
256
2345
164
306
292
1062
6336
286
87
538
1123
1870
353
133
5405
3196
7666
3663
2471
3665
758
3935
5910
3408
1219
5850
909
2617
4247
3591
1006
127
6800
5149
5264
4005
5314
3496
1757
1866
844
3354
2719
4202
610
1812
2444
173
3363
592
564
317
1474
7116
2039
2396
4078
1381
3713
6852
119
4552
2040
2888
2258
3673
689
414
3867
528
1868
2607
3888
2819
2338
3352
1289
2007
1449
4935
185
2428
5192
2193
1936
457
116
6098
4800
609
583
443
3021
2414
2418
1929
3005
5715
466
1763
2814
2132
1440
1530
2898
4616
2691
2019
2194
1155
1951
138
4497
4490
2998
4940
1783
369
69
24
20
984
6116
1396
956
3084
6868
2248
1064
1379
5173
5486
3834
3870
1633
4156
1775
1213
905
5265
291
197
2495
3206
3730
4412
553
1828
5259
4009
3406
3857
5791
394
1470
3784
3292
606
667
4660
5582
1752
240
333
1099
2748
2438
2692
2533
1946
23
3377
2439
1667
2732
440
77
6497
8281
242
536
1976
1059
572
2220
0
382
3035
847
2034
1371
1526
132
7765
3922
3767
1922
7373
1209
3761
3680
994
1732
246
1834
3659
3272
3383
268
6034
541
5277
1065
4012
1779
601
598
31
981
1023
2613
1642
1602
136
3822
986
4912
535
620
1504
3965
2458
217
7278
427
2130
5457
8294
3983
56
2454
5066
818
1776
7203
2173
1697
2074
1817
7876
442
8296
478
5188
109
5061
8095
1020
4961
368
373
951
3504
1031
3541
936
976
232
2556
6840
5797
2257
344
3662
8128
2630
2099
4811
273
4135
1414
1100
2030
999
1953
3936
3853
3386
3392
1132
6955
558
8224
5626
4023
5181
4020
1726
3998
1515
3454
7270
4104
2865
5300
4941
7669
585
4994
4073
3738
3360
1012
809
3012
4972
835
285
461
6841
567
462
431
4733
429
6344
2729
7450
7374
6096
1688
783
1000
2264
7088
5214
59
3365
1735
2240
1367
250
1928
3753
8
7850
2271
3765
3864
3901
3344
1908
4822
5353
3467
3970
126
4753
1789
7402
713
3596
72
3397
719
4936
44
747
7362
4381
5030
30
582
482
6568
1989
248
5534
1890
5187
4791
404
2855
1796
1827
1869
35
7430
6934
5554
1761
3007
151
5532
62
